P.A.Hilton Logger Data File
C:\Users\Admin\Desktop\Equipos_PAHilton\Nuevas Practicas\Radiación\H112C-3.pah
1/07/2025 9:08:07 a. m.

;;;0001;0011;0021;0031;0041;0051;0113;0123;
Graph Display;;;-10 | 100;-10 | 100;0 | 70;0 | 70;0 | 350;-10 | 360;0 | 250;0 | 21;
Lower limit | Upper Limit;;;- | -;- | -;- | -;- | -;- | -;- | -;- | -;- | -;
;;;T1;T2;T3;T4;T5;Radiometer;Input Voltage;Input Current;
Sample;Date;Time;°C;°C;°C;°C;°C;W/m2;V;A;
0;1/07/2025;09:32:51;19,82326;20,67637;19,48575;18,93653;253,2367;14,53485;198,7735;0,7706424;
1;1/07/2025;09:33:06;19,86623;20,63732;19,46622;18,91699;253,268;14,53485;199,1632;0,7738718;
2;1/07/2025;09:33:21;19,92091;20,66856;19,47403;18,9834;253,3773;14,53485;198,0442;0,773229;
3;1/07/2025;09:33:36;19,93653;20,65685;19,54044;18,99904;253,6117;14,53485;198,9742;0,7735581;
4;1/07/2025;09:33:51;19,92872;20,69982;19,52871;18,97951;253,932;14,53485;199,09;0,774201;
5;1/07/2025;09:34:06;19,94436;20,71544;19,54434;18,99512;254,1273;14,53485;199,2134;0,771348;
6;1/07/2025;09:34:21;20,00684;20,68029;19,55997;19,03809;254,4789;14,53485;198,785;0,7727432;
7;1/07/2025;09:34:36;19,80763;20,60216;19,55997;19,03418;254,643;14,53485;197,8243;0,7721629;
8;1/07/2025;09:34:51;19,67482;20,57091;19,59903;19,02637;254,9086;14,53485;197,8975;0,7728212;
9;1/07/2025;09:35:06;19,51465;20,53575;19,66544;19,04199;255,0649;14,53485;198,9085;0,7715358;
10;1/07/2025;09:35:21;19,44044;20,45762;19,66544;19,11621;255,2367;14,53485;199,3639;0,7715358;
11;1/07/2025;09:35:36;19,38184;20,42637;19,72794;19,13184;255,5648;14,53485;199,5531;0,7748598;
12;1/07/2025;09:35:51;19,39746;20,41465;19,74356;19,14746;255,5336;14,53485;199,1826;0,771191;
13;1/07/2025;09:36:06;19,33106;20,47325;19,72794;19,16309;255,9633;14,53485;199,0436;0,7737936;
14;1/07/2025;09:36:21;19,2959;20,46544;19,767;19,1709;256,0648;14,53485;197,6467;0,7703133;
15;1/07/2025;09:36:36;19,33496;20,45371;19,80997;19,2373;256,018;14,53485;198,9742;0,7727432;
16;1/07/2025;09:36:51;19,35059;20,44591;19,82559;19,25293;256,4594;14,53485;198,7464;0,7725862;
17;1/07/2025;09:37:06;19,26074;20,43028;19,85685;19,26074;256,4203;14,53485;197,6622;0,7715358;
18;1/07/2025;09:37:21;19,29199;20,4381;19,86466;19,29199;256,6313;14,53485;198,4648;0,7711126;
19;1/07/2025;09:37:36;19,30762;20,50059;19,8295;19,28419;256,5688;14,53485;197,8706;0,7686049;
20;1/07/2025;09:37:51;19,27247;20,46934;19,87247;19,29981;256,475;14,53485;198,5651;0,7697331;
21;1/07/2025;09:38:06;19,27247;20,49278;19,9467;19,39746;256,3188;14,53485;197,4268;0,7699842;
22;1/07/2025;09:38:21;19,26465;20,53185;19,91153;19,36231;256,0414;14,53485;198,0634;0,7723511;
23;1/07/2025;09:38:43;19,33106;20,50059;19,92716;19,42871;256,5844;14,53485;199,1555;0,7728997;
24;1/07/2025;09:38:58;19,25293;20,54747;19,92716;19,45606;256,7797;14,53485;198,8352;0,7725081;
25;1/07/2025;09:39:13;19,24512;20,53965;19,95059;19,45216;256,9985;14,53485;198,6808;0,7724296;
26;1/07/2025;09:39:28;19,30371;20,54747;19,95059;19,50294;257,5297;14,53485;198,5265;0,771191;
27;1/07/2025;09:39:43;19,31934;20,58653;19,98965;19,51857;257,7719;14,53485;198,3258;0,7690281;
28;1/07/2025;09:39:58;19,29199;20,53965;20,01699;19,52637;257,8735;14,53485;198,6345;0,7723511;
29;1/07/2025;09:40:13;19,28419;20,60216;20,00529;19,55762;257,8109;14,53485;197,4075;0,770799;
30;1/07/2025;09:40:28;19,29199;20,56309;20,0131;19,56544;257,5688;14,53485;197,3574;0,7664266;
31;1/07/2025;09:40:43;19,29981;20,61778;20,02091;19,57325;257,6234;14,53485;198,1174;0,7672414;
32;1/07/2025;09:40:58;19,24902;20,59435;20,04825;19,60059;257,7797;14,53485;196,9676;0,769655;
33;1/07/2025;09:41:13;19,36621;20,6334;20,08732;19,667;258,0297;14,53485;198,1484;0,7688399;
34;1/07/2025;09:41:28;19,34668;20,64122;20,04436;19,67482;258,2641;14,53485;197,4808;0,7712695;
35;1/07/2025;09:41:43;19,33106;20,60216;20,07951;19,65528;258,5375;14,53485;198,5767;0,770956;
36;1/07/2025;09:41:58;19,28028;20,62559;20,05217;19,68262;258,7328;14,53485;197,4616;0,7703918;
37;1/07/2025;09:42:13;19,28809;20,60996;20,08732;19,69044;258,8656;14,53485;198,0442;0,7712695;
38;1/07/2025;09:42:28;19,27247;20,66466;20,09512;19,76856;258,9516;14,53485;198,5959;0,7714577;
39;1/07/2025;09:42:43;19,3545;20,62559;20,12637;19,7295;258,9985;14,53485;197,6159;0,7682129;
40;1/07/2025;09:42:58;19,31153;20,73107;20,16153;19,76076;259,1703;14,53485;198,4261;0,7707209;
41;1/07/2025;09:43:13;19,30371;20,74669;20,17715;19,79982;259,4281;14,53485;197,3881;0,7716143;
42;1/07/2025;09:43:28;19,30371;20,72326;20,14981;19,80763;259,5922;14,53485;198,4532;0,7707209;
43;1/07/2025;09:43:43;19,34278;20,73889;20,19278;19,84278;259,7172;14,53485;197,8435;0,7690281;
44;1/07/2025;09:43:58;19,35059;20,74669;20,20059;19,85059;259,6781;14,53485;198,538;0,7718493;
45;1/07/2025;09:44:13;19,30762;20,7545;20,2084;19,88184;259,8813;14,53485;197,5002;0,7701407;
46;1/07/2025;09:44:28;19,34278;20,76231;20,18887;19,88965;259,8344;14,53485;197,4808;0,770956;
47;1/07/2025;09:44:43;19,33106;20,80138;20,23184;19,90529;259,8813;14,53485;198,4725;0,770799;
48;1/07/2025;09:44:58;19,28809;20,78576;20,28653;19,88965;260,1625;14,53485;197,0912;0,7672414;
49;1/07/2025;09:45:14;19,32324;20,81699;20,2709;19,92091;260,2328;14,53485;197,0295;0,7669905;
50;1/07/2025;09:45:29;19,30371;20,80138;20,27871;19,92872;260,2172;14,53485;197,149;0,7669905;
51;1/07/2025;09:45:44;19,31153;20,8834;20,30997;19,98732;260,3969;14,53485;196,987;0,76674;
52;1/07/2025;09:45:59;19,37012;20,86389;20,31778;20,0459;260,4516;14,53485;197,2918;0,7702348;
53;1/07/2025;09:46:14;19,32716;20,75059;20,32559;20,02637;260,5141;14,53485;197,2261;0,7699842;
54;1/07/2025;09:46:29;19,37012;20,86389;20,34122;20,06934;260,7641;14,53485;198,2525;0,7702348;
55;1/07/2025;09:46:44;19,37012;20,88732;20,34122;20,0498;260,8031;14,53485;198,4996;0,7717713;
56;1/07/2025;09:46:59;19,42871;20,89512;20,37637;20,07715;260,9672;14,53485;197,3574;0,7701407;
57;1/07/2025;09:47:14;19,43653;20,85606;20,3334;20,08496;260,8344;14,53485;198,1368;0,7679465;
58;1/07/2025;09:47:29;19,43653;20,90293;20,40762;20,09278;260,6625;14,53485;197,1992;0,7700626;
59;1/07/2025;09:47:44;19,45216;20,91855;20,47403;20,14746;260,7953;14,53485;198,187;0,7686834;
60;1/07/2025;09:47:59;19,40137;20,9459;20,44668;20,17481;260,9438;14,53485;197,3766;0,7704698;
61;1/07/2025;09:48:14;19,45997;20,97715;20,40762;20,20606;261,0453;14,53485;196,8171;0,7660973;
62;1/07/2025;09:48:29;19,46778;20,93418;20,41544;20,16309;261,1313;14,53485;197,0989;0,7695765;
63;1/07/2025;09:48:44;19,417;20,96152;20,43887;20,26465;261,2328;14,53485;197,2184;0,7685264;
64;1/07/2025;09:48:59;19,4834;21,02793;20,4545;20,25684;261,1234;14,53485;197,396;0,769655;
65;1/07/2025;09:49:14;19,50684;21,00059;20,4545;20,2295;260,8266;14,53485;196,7593;0,7664266;
66;1/07/2025;09:49:29;19,51465;21,0084;20,46231;20,26465;260,7094;14,53485;196,9021;0,7669123;
67;1/07/2025;09:49:44;19,49121;21,03574;20,46231;20,31153;260,7641;14,53485;197,1877;0,7694981;
68;1/07/2025;09:49:59;19,52247;21,04355;20,49356;20,2959;260,6469;14,53485;197,2918;0,7698272;
69;1/07/2025;09:50:14;19,48731;21,05918;20,50918;20,31153;260,8578;14,53485;196,9098;0,7689496;
70;1/07/2025;09:50:29;19,48731;21,05918;20,53653;20,33496;260,7094;14,53485;197,1877;0,7685264;
71;1/07/2025;09:50:44;19,5381;21,03184;20,47013;20,34278;260,4281;14,53485;198,2449;0,7673196;
72;1/07/2025;09:50:59;19,5381;21,05918;20,53653;20,36231;260,5688;14,53485;197,396;0,7678682;
73;1/07/2025;09:51:14;19,52247;21,067;20,54434;20,34278;260,4047;14,53485;196,8905;0,7685264;
74;1/07/2025;09:51:29;19,53028;21,02402;20,55216;20,37793;259,8813;14,53485;196,9292;0,7675548;
75;1/07/2025;09:51:44;19,48731;21,10606;20,53263;20,40918;259,3969;14,53485;197,3881;0,769655;
76;1/07/2025;09:51:59;19,51857;21,06309;20,56778;20,44044;259,3813;14,53485;197,4268;0,7687614;
77;1/07/2025;09:52:14;19,56934;21,06309;20,54044;20,417;259,0922;14,53485;197,6622;0,7682914;
78;1/07/2025;09:52:29;19,57715;21,0709;20,5756;20,44824;259,6156;14,53485;197,1683;0,7702348;
79;1/07/2025;09:52:44;19,57715;21,12168;20,54824;20,44824;259,5141;14,53485;196,9484;0,7694196;
80;1/07/2025;09:52:59;19,57715;21,09824;20,5756;20,49903;259,8344;14,53485;196,4007;0,7677115;
81;1/07/2025;09:53:14;19,60841;21,1295;20,5834;20,50684;259,7094;14,53485;196,4739;0,7652825;
82;1/07/2025;09:53:29;19,53418;21,10606;20,5834;20,58106;259,6391;14,53485;196,8094;0,7664266;
83;1/07/2025;09:53:44;19,59278;21,16074;20,66544;20,58888;259,7406;14,53485;196,7787;0,7663324;
84;1/07/2025;09:53:59;19,61622;21,16074;20,66544;20,56544;259,8266;14,53485;196,7014;0,7661757;
85;1/07/2025;09:54:14;19,56934;21,11387;20,642;20,542;259,0922;14,53485;197,909;0,7697331;
86;1/07/2025;09:54:29;19,62403;21,14512;20,67325;20,542;259,2406;14,53485;196,7787;1E-30;
87;1/07/2025;09:54:44;19,60059;21,16856;20,67325;20,57325;259,4828;14,53485;196,5394;0,7672414;
88;1/07/2025;09:54:59;19,58497;21,20371;20,63028;20,60451;259,4203;14,53485;196,7208;0,7660973;
89;1/07/2025;09:55:14;19,60841;21,20371;20,68106;20,65528;259,6;14,53485;197,3497;0,7677115;
90;1/07/2025;09:55:29;19,60841;21,22716;20,65762;20,65528;259,3734;14,53485;196,987;0,7701407;
91;1/07/2025;09:55:44;19,55762;21,20371;20,65762;20,60451;259,6469;14,53485;197,9285;0,7660973;
92;1/07/2025;09:55:59;19,56544;21,23496;20,68888;20,66309;259,6547;14,53485;196,8442;0,7675548;
93;1/07/2025;09:56:14;19,59278;21,18419;20,66544;20,63965;259,7953;14,53485;197,5194;0,767633;
94;1/07/2025;09:56:29;19,57325;21,24278;20,72012;20,67091;259,9281;14,53485;198,2641;0,7678682;
95;1/07/2025;09:56:44;19,62403;21,26621;20,67325;20,65528;259,9359;14,53485;197,8898;0,7693416;
96;1/07/2025;09:56:59;19,61622;21,28184;20,68888;20,70996;260,0531;14,53485;196,8905;0,7691846;
97;1/07/2025;09:57:14;19,56544;21,2584;20,68888;20,73732;260,0844;14,53485;196,8519;0,7665833;
98;1/07/2025;09:57:29;19,57325;21,24278;20,69669;20,71778;260,1703;14,53485;196,7401;0,7691846;
99;1/07/2025;09:57:44;19,55371;21,25059;20,75138;20,72559;260,1781;14,53485;198,0905;0,7707209;
100;1/07/2025;09:57:59;19,56154;21,28184;20,71231;20,76856;260,3578;14,53485;197,5581;0,7682129;
101;1/07/2025;09:58:14;19,62012;21,28965;20,79435;20,76856;260,5531;14,53485;196,9793;0,7671472;
102;1/07/2025;09:58:29;19,61231;21,28184;20,75919;20,78419;260,475;14,53485;196,632;0,7657056;
103;1/07/2025;09:58:44;19,61231;21,28184;20,75919;20,78419;260,0141;14,53485;196,9407;0,7694981;
104;1/07/2025;09:58:59;19,64356;21,3209;20,79825;20,79982;260,2484;14,53485;196,8171;0,7659408;
105;1/07/2025;09:59:14;19,65138;21,34434;20,77482;20,79982;259,85;14,53485;196,8442;0,76674;
106;1/07/2025;09:59:29;19,59278;21,38731;20,767;20,81544;260,1859;14,53485;196,9599;0,7673196;
107;1/07/2025;09:59:44;19,67482;21,3209;20,77482;20,82326;259,5844;14,53485;196,8905;0,7669123;
108;1/07/2025;09:59:59;19,63965;21,35997;20,76309;20,7881;259,7328;14,53485;196,7401;0,7690281;
109;1/07/2025;10:00:14;19,63965;21,33653;20,79045;20,86231;259,7953;14,53485;196,9021;0,7692631;
110;1/07/2025;10:00:29;19,70606;21,35216;20,77872;20,8545;260,0375;14,53485;196,7091;0,7664266;
111;1/07/2025;10:00:44;19,65528;21,32481;20,8295;20,87795;260,0141;14,53485;196,6512;0,76674;
112;1/07/2025;10:00:59;19,69825;21,36777;20,82169;20,87012;259,975;14,53485;198,1676;0,7697331;
113;1/07/2025;10:01:14;19,66309;21,3834;20,83732;20,90918;260,2328;14,53485;196,8905;0,7697331;
114;1/07/2025;10:01:29;19,67872;21,44591;20,85293;20,90138;260,5219;14,53485;196,9793;0,7673981;
115;1/07/2025;10:01:44;19,67872;21,42247;20,85293;20,90138;260,5219;14,53485;196,7014;0,7663324;
116;1/07/2025;10:01:59;19,667;21,48888;20,84122;20,88965;260,5375;14,53485;196,771;0,7644678;
117;1/07/2025;10:02:14;19,70216;21,42247;20,87637;20,94825;260,5141;14,53485;196,7787;0,7668338;
118;1/07/2025;10:02:29;19,68262;21,43028;20,85685;20,97951;260,475;14,53485;196,8828;0,766019;
119;1/07/2025;10:02:44;19,62403;21,39513;20,89982;20,99512;260,4672;14,53485;195,9029;0,766254;
120;1/07/2025;10:02:59;19,68262;21,45371;20,88029;21,00293;260,2094;14,53485;196,5509;0,7652825;
121;1/07/2025;10:03:14;19,69044;21,46154;20,91544;20,94436;260,2875;14,53485;198,0634;0,7682914;
122;1/07/2025;10:03:29;19,69825;21,442;20,87247;20,9717;260,2484;14,53485;198,0634;0,7701407;
123;1/07/2025;10:03:44;19,68262;21,42637;20,93107;20,95997;260,5063;14,53485;196,6512;0,7657056;
124;1/07/2025;10:03:59;19,62012;21,49278;20,9467;21,01855;260,3422;14,53485;196,5588;0,7643111;
125;1/07/2025;10:04:15;19,70606;21,47325;20,90372;21,00293;260,5922;14,53485;196,4739;0,7654392;
126;1/07/2025;10:04:30;19,7295;21,50059;20,90372;21,0498;260,7406;14,53485;197,1104;0,766254;
127;1/07/2025;10:04:45;19,71388;21,48106;20,98576;21,01074;260,8969;14,53485;196,3042;0,7652043;
128;1/07/2025;10:05:00;19,72169;21,51622;20,92716;21,07324;260,6469;14,53485;196,8905;0,76674;
129;1/07/2025;10:05:15;19,7295;21,52402;20,97795;21,0498;260,5922;14,53485;196,9407;0,7698272;
130;1/07/2025;10:05:30;19,73732;21,55528;20,98576;21,05762;260,6547;14,53485;196,7902;0,7688399;
131;1/07/2025;10:05:45;19,76076;21,50451;20,95842;21,00684;260,2172;14,53485;197,0795;0,7673981;
132;1/07/2025;10:06:00;19,72559;21,54747;20,97404;21,0498;260,0531;14,53485;197,2417;0,7659408;
133;1/07/2025;10:06:15;19,76076;21,55528;20,98184;21,08106;260,2406;14,53485;196,7208;0,7657841;
134;1/07/2025;10:06:30;19,76856;21,53575;21,01699;21,06543;260,2484;14,53485;198,5073;0,7674763;
135;1/07/2025;10:06:45;19,71778;21,58653;21,01699;21,11231;260,3813;14,53485;198,3375;0,7704698;
136;1/07/2025;10:07:00;19,72559;21,54356;21,0717;21,12012;260,7094;14,53485;197,4616;0,771191;
137;1/07/2025;10:07:15;19,70606;21,60216;21,05606;21,12793;260,7172;14,53485;197,0178;0,7677898;
138;1/07/2025;10:07:30;19,792;21,60996;21,06389;21,16309;260,7563;14,53485;197,2801;0,7669123;
139;1/07/2025;10:07:45;19,74903;21,59435;21,04825;21,14355;260,9047;14,53485;197,3881;0,771348;
140;1/07/2025;10:08:00;19,78029;21,60216;21,05606;21,17871;261,3031;14,53485;197,8358;0,7677898;
141;1/07/2025;10:08:15;19,7881;21,6334;21,11074;21,15918;261,3344;14,53485;197,0718;0,7673196;
142;1/07/2025;10:08:30;19,7959;21,567;21,0717;21,19434;261,1703;14,53485;198,5844;0,7718493;
143;1/07/2025;10:08:45;19,74513;21,61778;21,09512;21,20215;261,4047;14,53485;197,7856;0,7690281;
144;1/07/2025;10:09:00;19,78029;21,62559;21,10293;21,22559;261,4281;14,53485;198,7735;0,7685264;
145;1/07/2025;10:09:15;19,76076;21,6334;21,16153;21,18262;261,4125;14,53485;198,7541;0,7723511;
146;1/07/2025;10:09:30;19,73732;21,65685;21,18496;21,20996;261,0766;14,53485;198,7349;0,7720063;
147;1/07/2025;10:09:45;19,7959;21,61388;21,14199;21,21778;260,5141;14,53485;197,8706;0,7704698;
148;1/07/2025;10:10:00;19,82716;21,67247;21,12637;21,24902;260,5766;14,53485;196,9793;0,7703918;
149;1/07/2025;10:10:15;19,76076;21,65685;21,15762;1E-30;261,1859;14,53485;196,1227;0,7646245;
150;1/07/2025;10:10:30;19,84278;21,73889;21,19278;21,31544;260,8578;14,53485;197,45;0,7677898;
151;1/07/2025;10:10:45;19,792;21,66466;21,14199;21,24122;261,1547;14,53485;198,2139;0,770799;
152;1/07/2025;10:11:00;19,81934;21,71153;21,19278;21,24122;260,9985;14,53485;197,6082;0,7688399;
153;1/07/2025;10:11:15;19,87012;21,71934;21,20059;21,28028;261,3109;14,53485;196,4931;0,7658623;
154;1/07/2025;10:11:30;19,83497;21,7545;21,23184;21,33106;261,2328;14,53485;195,8719;0,7639977;
155;1/07/2025;10:11:45;19,78419;21,70372;21,2084;21,28809;261,0219;14,53485;195,9608;0,7643111;
156;1/07/2025;10:12:00;19,85059;21,74278;21,2709;21,32324;261,35;14,53485;196,0841;0,7638255;
157;1/07/2025;10:12:15;19,87403;21,77012;21,29824;21,32324;261,2719;14,53485;196,0457;0,7638255;
158;1/07/2025;10:12:30;19,93263;21,77795;21,27871;21,3545;261,2563;14,53485;195,5441;0,764546;
159;1/07/2025;10:12:45;19,91699;21,78576;21,23965;21,33887;261,2406;14,53485;196,7014;0,7652043;
160;1/07/2025;10:13:00;19,87403;21,81699;21,2709;21,31934;261,3969;14,53485;196,1883;0,7677115;
161;1/07/2025;10:13:15;19,93263;21,77403;21,3295;21,37793;261,4828;14,53485;195,9338;0,7665048;
162;1/07/2025;10:13:30;19,89749;21,81699;21,31778;21,37012;261,5453;14,53485;195,6058;0,7650476;
163;1/07/2025;10:13:45;19,90529;21,84825;21,32559;21,37793;261,6938;14,53485;197,2801;0,7677898;
164;1/07/2025;10:14:00;19,86231;21,85606;21,38419;21,43263;261,7016;14,53485;195,8141;0,763747;
165;1/07/2025;10:14:15;19,92091;21,86389;21,39199;21,44044;261,6859;14,53485;195,9338;0,7657841;
166;1/07/2025;10:14:30;19,93653;21,90293;21,35684;21,40918;261,1703;14,53485;197,396;0,7661757;
167;1/07/2025;10:14:45;19,94436;21,93809;21,36465;21,47168;261,1313;14,53485;196,987;0,7646245;
168;1/07/2025;10:15:00;19,92483;21,9459;21,44668;21,47168;261,3734;14,53485;195,9144;0,764076;
169;1/07/2025;10:15:15;19,94044;21,96152;21,41544;21,46387;261,5375;14,53485;196,7516;0,7625408;
170;1/07/2025;10:15:30;19,93263;21,97715;21,4545;21,4795;261,5297;14,53485;195,9221;0,7633398;
171;1/07/2025;10:15:45;19,96389;21,98496;21,41153;21,49513;261,35;14,53485;196,5703;0,7636688;
172;1/07/2025;10:16:00;19,95606;22,00059;21,50137;21,50294;261,3109;14,53485;197,149;0,7673981;
173;1/07/2025;10:16:15;19,93653;22,0084;21,48575;21,49513;261,3734;14,53485;196,5972;0,7619612;
174;1/07/2025;10:16:30;19,95217;21,99668;21,45059;21,52637;261,1391;14,53485;195,8064;0,766254;
175;1/07/2025;10:16:45;19,96778;21,98887;21,41934;21,542;260,6234;14,53485;195,7409;0,7635903;
176;1/07/2025;10:17:00;20,00293;21,98106;21,4584;21,50684;260,4125;14,53485;197,0178;0,7639977;
177;1/07/2025;10:17:15;19,96778;22,03574;21,517;21,56544;260,3734;14,53485;196,1691;0,7677898;
178;1/07/2025;10:17:30;20,03418;22,02793;21,50528;21,53028;260,4594;14,53485;195,6637;0,763747;
179;1/07/2025;10:17:45;19,94825;22,067;21,49747;21,57325;260,5531;14,53485;195,0851;0,7611465;
180;1/07/2025;10:18:00;20,06543;22,05918;21,51309;21,58888;260,5688;14,53485;195,3512;0,7621178;
181;1/07/2025;10:18:15;20,02246;22,067;21,5209;21,62012;260,5609;14,53485;195,2355;0,7618827;
182;1/07/2025;10:18:30;19,98732;22,08262;21,55997;21,61231;260,6547;14,53485;195,5518;0,7630264;
183;1/07/2025;10:18:45;20,05371;22,07481;21,5756;21,65138;260,7328;14,53485;195,4169;0,7626973;
184;1/07/2025;10:19:00;20,01855;22,09043;21,56778;21,61622;260,9203;14,53485;195,3243;0,7626191;
185;1/07/2025;10:19:15;20,03418;22,10606;21,53263;21,63185;260,9828;14,53485;196,4547;0,7627757;
186;1/07/2025;10:19:30;20,01855;22,08652;21,59121;21,63965;260,9438;14,53485;195,5866;0,7625408;
187;1/07/2025;10:19:45;20,03418;22,10215;21,60684;21,68262;260,9594;14,53485;195,3128;0,7621178;
188;1/07/2025;10:20:00;20,01465;22,10996;21,56387;21,63965;260,85;14,53485;196,2809;0,7649691;
189;1/07/2025;10:20:15;20,00684;22,15293;21,60684;21,70606;260,7875;14,53485;194,9965;0,7614911;
190;1/07/2025;10:20:30;20,06543;22,10996;21,54044;21,63575;260,5453;14,53485;195,1237;0,7642327;
191;1/07/2025;10:20:45;20,05371;22,17637;21,63028;21,70216;260,5609;14,53485;196,5125;0,7621178;
192;1/07/2025;10:21:00;20,0459;22,16465;21,64591;21,71778;260,7016;14,53485;196,2423;0,7631831;
193;1/07/2025;10:21:15;20,10449;22,10606;21,63418;21,70996;260,7172;14,53485;195,656;0,763747;
194;1/07/2025;10:21:30;20,12012;22,21544;21,642;21,76856;260,8031;14,53485;195,7332;0,764076;
195;1/07/2025;10:21:45;20,10059;22,17247;21,62638;21,74903;260,9672;14,53485;195,98;0,7665833;
196;1/07/2025;10:22:00;20,06543;22,26231;21,66544;21,76466;260,7484;14,53485;196,5125;0,7619612;
197;1/07/2025;10:22:15;20,18262;22,22716;21,63418;21,78029;260,4672;14,53485;195,2163;0,7618045;
198;1/07/2025;10:22:30;20,1084;22,22716;21,5834;21,70606;260,1078;14,53485;196,0263;0,7671472;
199;1/07/2025;10:22:45;20,1084;22,18027;21,61465;21,73732;260,475;14,53485;196,3812;0,7621178;
200;1/07/2025;10:23:00;20,09668;22,24278;21,59903;21,74513;260,3656;14,53485;195,6252;0,7652825;
201;1/07/2025;10:23:15;20,16309;22,23496;21,68888;21,7881;260,6078;14,53485;195,1045;0,761726;
202;1/07/2025;10:23:30;20,16309;22,21153;21,61465;21,81153;260,3578;14,53485;196,7014;0,7668338;
203;1/07/2025;10:23:45;20,20606;22,25059;21,68106;21,8545;260,2797;14,53485;195,6444;0,7633398;
204;1/07/2025;10:24:00;20,14355;22,26621;21,64591;21,84278;260,2172;14,53485;195,656;0,7657841;
205;1/07/2025;10:24:15;20,15137;22,29746;21,70451;21,82716;260,2719;14,53485;196,1304;0,7677115;
206;1/07/2025;10:24:30;20,18653;22,30528;21,66154;21,83497;260,2094;14,53485;195,1237;0,7623841;
207;1/07/2025;10:24:45;20,167;22,31309;21,66934;21,81544;260,5531;14,53485;196,4931;0,7643111;
208;1/07/2025;10:25:00;20,17481;22,34824;21,70059;21,87403;260,5453;14,53485;196,6436;0,7666615;
209;1/07/2025;10:25:15;20,14355;22,31309;21,69278;21,86623;260,6938;14,53485;195,7409;0,7661757;
210;1/07/2025;10:25:30;20,20606;22,27793;21,68888;21,88965;260,7094;14,53485;195,17;0,7620394;
211;1/07/2025;10:25:45;20,19043;22,31309;21,68888;21,86231;260,6859;14,53485;195,2163;0,7620394;
212;1/07/2025;10:26:00;20,20606;22,3756;21,70451;21,87795;260,7875;14,53485;196,4547;0,7620394;
213;1/07/2025;10:26:15;20,19043;22,35997;21,67325;21,87012;260,6313;14,53485;195,5866;0,7659408;
214;1/07/2025;10:26:30;20,17871;22,32481;21,68106;21,87795;260,6156;14,53485;195,1352;0,7621178;
215;1/07/2025;10:26:45;20,19434;22,48888;21,69669;21,91699;260,6859;14,53485;196,2732;0,7652825;
216;1/07/2025;10:27:00;20,18653;23,47715;21,66154;21,90918;260,8656;14,53485;194,3176;0,7588282;
217;1/07/2025;10:27:15;20,22559;24,58653;21,67715;21,92483;260,9828;14,53485;194,6183;0,7586403;
218;1/07/2025;10:27:30;20,2334;26,41075;21,66154;21,93263;261,2797;14,53485;194,8962;0,7601127;
219;1/07/2025;10:27:45;20,22559;28,68419;21,64981;21,92483;261,2406;14,53485;194,7997;0,7629324;
220;1/07/2025;10:28:00;20,18262;31,01231;21,60684;21,93263;261,1625;14,53485;195,1892;0,7638255;
221;1/07/2025;10:28:15;20,24902;33,23106;21,64981;21,92091;261,3969;14,53485;194,7496;0,7614127;
222;1/07/2025;10:28:30;20,20606;35,22325;21,63028;21,92872;261,3578;14,53485;194,6764;0,7606766;
223;1/07/2025;10:28:45;20,2959;37,23106;21,57168;21,9717;261,6078;14,53485;195,2934;0,7605199;
224;1/07/2025;10:29:00;20,2295;39,02794;21,63028;21,95217;261,8422;14,53485;194,9888;0,7625408;
225;1/07/2025;10:29:15;20,2373;41,067;21,61465;22,03418;261,9203;14,53485;194,2482;0,7592198;
226;1/07/2025;10:29:30;20,26856;42,45762;21,64591;21,99512;262,0922;14,53485;194,5143;0,7600186;
227;1/07/2025;10:29:45;20,27637;44,00449;21,65372;22,00293;262,2797;14,53485;194,5799;0,7603475;
228;1/07/2025;10:30:00;20,2334;45,49669;21,61075;21,9834;262,3344;14,53485;194,846;0,7629324;
229;1/07/2025;10:30:15;20,29199;46,94981;21,62638;22,02637;262,0531;14,53485;195,9338;0,7605982;
230;1/07/2025;10:30:30;20,30762;48,21544;21,66154;22,03418;262,3109;14,53485;195,4863;0,7609898;
231;1/07/2025;10:30:45;20,29199;49,36387;21,61857;22,04199;262,2953;14,53485;196,1614;0,7618045;
232;1/07/2025;10:31:00;20,32324;50,53575;21,64981;22,02246;262,2016;14,53485;195,4438;0,7651259;
233;1/07/2025;10:31:15;20,30762;51,6295;21,63418;22,05762;262,3109;14,53485;195,0851;0,7647342;
234;1/07/2025;10:31:30;20,27247;52,61388;21,62638;22,0459;262,35;14,53485;194,5991;0,7605982;
235;1/07/2025;10:31:45;20,2959;53,567;21,59903;22,02246;262,2953;14,53485;194,9231;0,764076;
236;1/07/2025;10:32:00;20,28809;54,52012;21,61465;22,08887;262,3109;14,53485;196,092;0,7648908;
237;1/07/2025;10:32:15;20,37012;55,63732;21,62247;22,06934;262,4906;14,53485;194,6377;0,7609115;
238;1/07/2025;10:32:30;20,32716;56,36387;21,55606;22,10449;262,4984;14,53485;194,6956;0,7609115;
239;1/07/2025;10:32:45;20,32716;57,04356;21,53263;22,05371;262,6234;14,53485;195,6175;0,7659408;
240;1/07/2025;10:33:00;20,33496;57,69982;21,517;22,03809;262,6;14,53485;195,1969;0,7652825;
241;1/07/2025;10:33:15;20,32716;58,55919;21,5795;22,05371;262,7172;14,53485;195,8527;0,7628539;
242;1/07/2025;10:33:30;20,3584;58,97324;21,61075;22,06153;262,7484;14,53485;196,1498;0,7607549;
243;1/07/2025;10:33:45;20,31153;59,55138;21,54044;22,08496;262,8031;14,53485;195,7332;0,7652825;
244;1/07/2025;10:34:00;20,417;60,20762;21,57168;22,11621;262,8735;14,53485;195,8527;0,7592198;
245;1/07/2025;10:34:15;20,45216;60,62169;21,62638;22,10059;263,0609;14,53485;195,17;0,7627757;
246;1/07/2025;10:34:30;20,37403;61,27013;21,55606;22,10059;263,1078;14,53485;195,5326;0,7629324;
247;1/07/2025;10:34:45;20,38184;61,88732;21,59513;22,11621;263,3109;14,53485;195,2934;0,7631831;
248;1/07/2025;10:35:00;20,4756;62,37168;21,60294;22,14746;263,4906;14,53485;195,5249;0,7658623;
249;1/07/2025;10:35:15;20,40528;62,86389;21,53653;22,1084;263,4516;14,53485;194,6956;0,7614127;
250;1/07/2025;10:35:30;20,36621;63,18419;21,59513;22,13965;263,3578;14,53485;195,6946;0,7643111;
251;1/07/2025;10:35:45;20,4209;63,52794;21,62638;22,1709;263,3969;14,53485;195,0582;0,7621178;
252;1/07/2025;10:36:00;20,42871;63,98985;21,55997;22,17871;263,4281;14,53485;196,3234;0,7660973;
253;1/07/2025;10:36:15;20,46387;64,3336;21,56778;22,16309;263,4359;14,53485;194,8847;0,7619612;
254;1/07/2025;10:36:30;20,47168;64,65392;21,5756;22,1709;263,4672;14,53485;195,7023;0,7639193;
255;1/07/2025;10:36:45;20,40528;64,90391;21,5834;22,15528;263,5922;14,53485;194,5876;0,7606766;
256;1/07/2025;10:37:00;20,41309;65,2711;21,56387;22,18653;263,5531;14,53485;195,1892;0,7632614;
257;1/07/2025;10:37:15;20,44434;65,48985;21,55606;22,22559;263,4516;14,53485;194,9771;0,7616478;
258;1/07/2025;10:37:30;20,45216;65,66954;21,60684;22,17871;263,475;14,53485;196,1422;0,7656274;
259;1/07/2025;10:37:45;20,45997;65,77112;21,58731;22,20996;263,1391;14,53485;195,4632;0,7639977;
260;1/07/2025;10:38:00;20,49903;66,21641;21,5795;22,22559;263,2953;14,53485;195,7409;0,7619612;
261;1/07/2025;10:38:15;20,45216;66,28673;21,56387;22,2334;263,4281;14,53485;195,2857;0,7591415;
262;1/07/2025;10:38:30;20,44044;66,52111;21,59513;22,24122;263,3578;14,53485;195,8527;0,7624623;
263;1/07/2025;10:38:45;20,45606;66,74767;21,58731;22,25684;263,5063;14,53485;194,6685;0,7625408;
264;1/07/2025;10:39:00;20,45606;66,96641;21,55997;22,2334;263,6469;14,53485;195,5134;0,761726;
265;1/07/2025;10:39:15;20,39746;67,09922;21,5756;22,24902;263,6391;14,53485;195,1045;0,7639977;
266;1/07/2025;10:39:30;20,48731;67,31017;21,56778;22,28809;263,6313;14,53485;194,5259;0,7606766;
267;1/07/2025;10:39:45;20,47168;67,38828;21,59903;22,27247;263,5141;14,53485;195,4438;0,7589066;
268;1/07/2025;10:40:00;20,48731;67,42735;21,56387;22,28809;263,4281;14,53485;194,9154;0,7626191;
269;1/07/2025;10:40:15;20,51857;67,59923;21,59903;22,26856;263,3734;14,53485;193,9821;0,7587186;
270;1/07/2025;10:40:30;20,52637;67,60705;21,60684;22,27637;263,3344;14,53485;195,3128;0,7592981;
271;1/07/2025;10:40:45;20,56154;67,92735;21,6381;22,33496;263,3656;14,53485;194,5991;0,7615694;
272;1/07/2025;10:41:00;20,51857;68,02891;21,64591;22,29199;263,4125;14,53485;194,8962;0,7605982;
273;1/07/2025;10:41:15;20,55762;68,23985;21,6381;22,3584;263,475;14,53485;194,5143;0,7625408;
274;1/07/2025;10:41:30;20,44044;68,41174;21,61857;22,32324;263,4672;14,53485;195,8837;0,7643111;
275;1/07/2025;10:41:45;20,50684;68,47422;21,66934;22,33887;263,4594;14,53485;195,7524;0,7622275;
276;1/07/2025;10:42:00;20,51465;68,52892;21,642;22,33887;263,4828;14,53485;195,3243;0,7597837;
277;1/07/2025;10:42:15;20,52247;68,68517;21,62638;22,27247;263,4906;14,53485;194,6493;0,7605199;
278;1/07/2025;10:42:30;20,5381;68,67736;21,642;22,36231;263,4438;14,53485;195,6831;0,7597054;
279;1/07/2025;10:42:45;20,59669;68,75548;21,64981;22,32324;263,4594;14,53485;195,6754;0,7641544;
280;1/07/2025;10:43:00;20,55371;68,97422;21,65762;22,40528;263,4828;14,53485;194,6764;0,7632614;
281;1/07/2025;10:43:15;20,56154;69,02891;21,642;22,36231;263,7328;14,53485;195,4052;0,7605982;
282;1/07/2025;10:43:30;20,62012;68,87267;21,62247;22,37012;263,4281;14,53485;195,6367;0,7614911;
283;1/07/2025;10:43:45;20,55371;68,99766;21,63028;22,3545;263,3813;14,53485;193,6967;0,7575126;
284;1/07/2025;10:44:00;20,58497;69,06016;21,67325;22,39356;263,5375;14,53485;194,7071;0,7624623;
285;1/07/2025;10:44:15;20,61622;69,0836;21,62247;22,39356;263,5844;14,53485;194,7611;0,7633398;
286;1/07/2025;10:44:30;20,54981;69,19298;21,63028;22,40918;263,5531;14,53485;194,4372;0,7608332;
287;1/07/2025;10:44:45;20,61622;69,30235;21,66934;22,417;263,5609;14,53485;194,5682;0,7597054;
288;1/07/2025;10:45:00;20,60059;69,36485;21,68497;22,43263;263,6781;14,53485;194,8189;0,7612248;
289;1/07/2025;10:45:15;20,56544;69,41954;21,642;22,36621;263,6547;14,53485;194,7882;0,7612248;
290;1/07/2025;10:45:30;20,58106;69,43517;21,73575;22,43263;263,6703;14,53485;194,4178;0,7597837;
291;1/07/2025;10:45:45;20,58106;69,4586;21,65762;22,40528;263,4594;14,53485;194,2983;0,7591415;
292;1/07/2025;10:46:00;20,63185;69,1461;21,65762;22,40528;263,4594;14,53485;193,7121;0,7573561;
293;1/07/2025;10:46:15;20,56934;64,83361;21,87637;22,44824;262,8969;14,53485;193,5347;0,7567922;
294;1/07/2025;10:46:30;20,62012;58,11387;23,44278;22,4209;262,7484;14,53485;194,2983;0,7607549;
295;1/07/2025;10:46:45;20,60451;53,34044;25,81388;22,42871;262,9281;14,53485;194,2174;0,7601127;
296;1/07/2025;10:47:00;20,61231;49,78576;27,43887;22,46387;262,7875;14,53485;194,2983;0,7597054;
297;1/07/2025;10:47:15;20,64356;47,00449;29,38419;22,44434;262,6703;14,53485;194,7611;0,7609115;
298;1/07/2025;10:47:30;20,60059;44,67637;30,79825;22,42871;262,1703;14,53485;194,9231;0,7613345;
299;1/07/2025;10:47:45;20,65138;42,89513;32,35293;22,45216;262,1;14,53485;194,0013;0,7587186;
300;1/07/2025;10:48:00;20,62794;41,41075;33,75919;22,42871;261,9047;14,53485;193,9898;0,7586403;
301;1/07/2025;10:48:15;20,63575;40,19981;35,17324;22,40918;261,9516;14,53485;194,1787;0,7590632;
302;1/07/2025;10:48:30;20,61622;39,15294;36,53263;22,44434;262,1156;14,53485;193,8201;0,7590632;
303;1/07/2025;10:48:45;20,65138;38,02794;38,07951;22,45216;261,8344;14,53485;193,8895;0,7592198;
304;1/07/2025;10:49:00;20,67482;37,34824;39,29043;22,4834;262,0063;14,53485;194,0091;0,7591415;
305;1/07/2025;10:49:15;20,61622;36,81699;40,28262;22,51857;262,0922;14,53485;193,932;0,7581704;
306;1/07/2025;10:49:30;20,667;36,23106;41,30606;22,51857;262,2094;14,53485;194,7496;0,7612248;
307;1/07/2025;10:49:45;20,68262;35,73107;42,37637;22,53418;262,3031;14,53485;195,7716;0,7618045;
308;1/07/2025;10:50:00;20,70606;35,27013;43,57168;22,51465;262,6469;14,53485;194,0399;0,758327;
309;1/07/2025;10:50:15;20,69044;34,90293;44,35293;22,542;262,4281;14,53485;193,6697;0,75662;
310;1/07/2025;10:50:30;20,67091;34,47325;45,04825;22,54981;262,4125;14,53485;194,8962;0,7615694;
311;1/07/2025;10:50:45;20,77247;34,07481;45,85293;22,54981;262,3188;14,53485;193,9705;0,7580922;
312;1/07/2025;10:51:00;20,72169;33,70763;46,64981;22,59669;262,2875;14,53485;194,0977;0,758562;
313;1/07/2025;10:51:15;20,69825;33,38731;47,21231;22,57325;262,2875;14,53485;194,3716;0,7599403;
314;1/07/2025;10:51:30;20,69825;33,01231;48,15762;22,54981;262,2406;14,53485;194,7805;0,7612248;
315;1/07/2025;10:51:45;20,74903;32,79357;48,76699;22,57325;262,2641;14,53485;194,1711;0,7595331;
316;1/07/2025;10:52:00;20,72169;32,567;49,17324;22,54981;262,2641;14,53485;194,4178;0,759862;
317;1/07/2025;10:52:15;20,75685;32,23106;50,03263;22,58106;262,5688;14,53485;194,3793;0,7601127;
318;1/07/2025;10:52:30;20,70606;32,01231;50,61074;22,58106;262,7328;14,53485;194,3253;0,7597837;
319;1/07/2025;10:52:45;20,67872;31,76231;51,26699;22,55762;263,0297;14,53485;194,5682;0,7602693;
320;1/07/2025;10:53:00;20,71388;31,55138;51,80606;22,61231;263,1078;14,53485;194,4372;0,7597837;
321;1/07/2025;10:53:15;20,71388;31,40294;52,17324;22,56544;262,1156;14,53485;194,2867;0,7597054;
322;1/07/2025;10:53:30;20,71388;31,05137;52,17324;22,5381;261,5297;14,53485;194,0669;0,7587186;
323;1/07/2025;10:53:45;20,68653;30,7545;52,35293;22,54981;261,4359;14,53485;194,1054;0,758562;
324;1/07/2025;10:54:00;20,74903;30,567;52,73575;22,57325;261,6781;14,53485;194,0091;0,7579042;
325;1/07/2025;10:54:15;20,7959;30,52012;53,10293;22,67091;261,9516;14,53485;194,3407;0,760191;
326;1/07/2025;10:54:30;20,7959;30,32481;53,46231;22,67091;262,0922;14,53485;194,4487;0,7600186;
327;1/07/2025;10:54:45;20,7959;30,05137;54,02482;22,67091;262,3344;14,53485;192,3277;0,7527382;
328;1/07/2025;10:55:00;20,77247;29,95371;54,17324;22,67091;262,3344;14,53485;192,6439;0,7534737;
329;1/07/2025;10:55:15;20,77247;29,7545;54,62637;22,64747;262,4125;14,53485;192,374;0,7532241;
330;1/07/2025;10:55:31;20,78029;29,59044;54,87637;22,63185;262,3422;14,53485;192,1465;0,7518452;
331;1/07/2025;10:55:46;20,83889;29,50059;55,19668;22,61231;262,2328;14,53485;192,108;0,7523507;
332;1/07/2025;10:56:01;20,76466;29,35216;55,29824;22,63965;262,2094;14,53485;192,1851;0,7525083;
333;1/07/2025;10:56:16;20,87012;29,18419;55,54824;22,62012;261,6;14,53485;193,4691;0,7572778;
334;1/07/2025;10:56:31;20,87012;29,03574;55,73575;22,62012;261,3891;14,53485;193,851;0,7576693;
335;1/07/2025;10:56:46;20,8545;28,89512;55,82169;22,67872;261,4438;14,53485;192,6131;0,7549288;
336;1/07/2025;10:57:01;20,81934;28,59435;55,59513;22,67091;260,4203;14,53485;192,3933;0,7533161;
337;1/07/2025;10:57:16;20,84669;28,58653;55,82169;22,65528;260,3969;14,53485;192,4126;0,7531454;
338;1/07/2025;10:57:31;20,88576;28,48497;55,89982;22,63575;260,3188;14,53485;192,6131;0,7538021;
339;1/07/2025;10:57:46;20,80372;28,32871;55,96231;22,67872;259,8656;14,53485;192,3933;0,7537102;
340;1/07/2025;10:58:01;20,87795;28,15293;56,05606;22,65528;260,1078;14,53485;193,6388;0,754196;
341;1/07/2025;10:58:16;20,81153;28,08652;56,28262;22,70996;260,1156;14,53485;192,6439;0,7560562;
342;1/07/2025;10:58:31;20,88576;28,01231;56,47793;22,70996;260,2172;14,53485;192,5745;0,7539597;
343;1/07/2025;10:58:46;20,86231;27,85997;56,61856;22,73732;260,4828;14,53485;192,8136;0,7548505;
344;1/07/2025;10:59:01;20,88576;27,76231;57,00918;22,68653;260,725;14,53485;192,6439;0,7536313;
345;1/07/2025;10:59:16;20,84278;27,64513;57,04044;22,74513;260,8344;14,53485;192,5359;0,7536313;
346;1/07/2025;10:59:31;20,87012;27,55528;57,21231;22,67872;260,8656;14,53485;192,5938;0,7540385;
347;1/07/2025;10:59:46;20,82716;27,50451;57,36074;22,70216;261,0063;14,53485;192,5359;0,7529878;
348;1/07/2025;11:00:01;20,95217;27,35606;57,47793;22,70216;260,9125;14,53485;192,3085;0,7534737;
349;1/07/2025;11:00:16;20,90918;27,1373;54,32949;23,67872;261,2094;14,53485;192,6324;0,7536313;
350;1/07/2025;11:00:32;20,89357;27,0709;53,09512;24,06153;261,4359;14,53485;192,6786;0,7557431;
351;1/07/2025;11:00:47;20,84278;26,89904;50,79825;24,63185;261,4828;14,53485;192,5938;0,7537102;
352;1/07/2025;11:01:02;20,90138;26,80529;48,50137;25,11621;260,9359;14,53485;192,2969;0,7549288;
353;1/07/2025;11:01:17;20,90918;26,73889;46,54043;25,67091;261,9906;14,53485;192,2892;0,7546157;
354;1/07/2025;11:01:32;20,94044;26,67247;45,04044;25,95217;262,3578;14,53485;192,347;0,7527382;
355;1/07/2025;11:01:47;20,94825;26,55528;43,12637;26,60451;263,2172;14,53485;193,1645;0,7526594;
356;1/07/2025;11:02:02;20,94825;26,50451;42,46231;26,70606;263,3422;14,53485;192,2776;0,7525806;
357;1/07/2025;11:02:17;20,94044;26,44591;40,97012;27,29981;1E-30;14,53485;191,9962;0,7516153;
358;1/07/2025;11:02:35;20,97951;26,4381;39,97795;27,55762;263,8735;14,53485;192,1581;0,7525806;
359;1/07/2025;11:02:50;21,01465;26,37168;39,18105;27,86231;264,225;14,53485;192,3085;0,7523507;
360;1/07/2025;11:03:05;20,99512;26,27793;38,13418;28,34278;264,4516;14,53485;192,0578;0,7516153;
361;1/07/2025;11:03:20;20,97951;26,23887;37,54824;28,62794;264,725;14,53485;192,1774;0,7525083;
362;1/07/2025;11:03:35;21,06153;26,1959;36,77481;28,88184;264,5688;14,53485;191,8997;0,7521144;
363;1/07/2025;11:03:50;20,98732;26,1959;36,11855;29,28419;264,9125;14,53485;192,5437;0,7536313;
364;1/07/2025;11:04:05;21,10059;26,10996;35,48574;29,58888;265,0219;14,53485;191,9191;0,7512214;
365;1/07/2025;11:04:20;21,08496;26,02012;34,88419;29,94436;264,9438;14,53485;191,6607;0,7506436;
366;1/07/2025;11:04:35;21,04199;26,00059;34,42324;30,27247;264,8969;14,53485;191,8689;0,7517664;
367;1/07/2025;11:04:50;21,08496;25,96934;34,01699;30,46387;265,1703;14,53485;191,7378;0,7512214;
368;1/07/2025;11:05:05;21,10059;25,91074;33,56387;30,87012;265,0844;14,53485;192,108;0,7520028;
369;1/07/2025;11:05:20;21,08887;25,87559;33,00918;31,2295;265,4438;14,53485;192,1349;0,7521144;
370;1/07/2025;11:05:35;21,08887;25,75059;32,57168;31,4795;264,7094;14,53485;192,0039;0,7508799;
371;1/07/2025;11:05:50;21,08887;25,75059;32,34512;31,62794;264,9828;14,53485;191,7687;0,7508011;
372;1/07/2025;11:06:05;21,13184;25,692;31,93889;32,08887;265,3344;14,53485;191,3484;0,7505648;
373;1/07/2025;11:06:20;21,16309;25,69982;31,77482;32,24512;265,3891;14,53485;191,4409;0,7506436;
374;1/07/2025;11:06:35;21,12012;25,70763;31,41544;32,55762;265,5297;14,53485;191,4602;0,7520028;
375;1/07/2025;11:06:50;21,1709;25,6295;31,09512;32,74512;265,5453;14,53485;192,2159;0,7514578;
376;1/07/2025;11:07:05;21,14355;25,55528;30,91544;32,792;265,1547;14,53485;192,0771;0,7521932;
377;1/07/2025;11:07:20;21,15918;25,52402;30,61465;33,03418;265,2016;14,53485;192,0963;0,7520028;
378;1/07/2025;11:07:35;21,17481;25,48888;30,43106;33,34668;265,0844;14,53485;192,1581;0,7545113;
379;1/07/2025;11:07:50;21,21778;25,47715;30,22403;33,62794;265,35;14,53485;191,8997;0,7515365;
380;1/07/2025;11:08:05;21,14746;25,4381;30,05997;33,90918;265,4516;14,53485;192,0771;0,7520028;
381;1/07/2025;11:08:20;21,21387;25,40294;29,85293;34,10449;265,5531;14,53485;192,4241;0,7526594;
382;1/07/2025;11:08:35;21,2295;25,41857;29,66934;34,28419;265,5297;14,53485;192,0887;0,754196;
383;1/07/2025;11:08:50;21,31934;25,3834;29,48965;34,52637;265,6234;14,53485;192,2044;0,7539597;
384;1/07/2025;11:09:05;21,30371;25,36777;29,35684;34,792;265,8344;14,53485;192,3277;0,7529878;
385;1/07/2025;11:09:20;21,26856;25,33263;29,21621;35,01855;265,9828;14,53485;192,0771;0,7521932;
386;1/07/2025;11:09:35;21,30371;25,26621;29,07559;35,24512;265,9203;14,53485;191,9653;0,754196;
387;1/07/2025;11:09:50;21,24122;25,2584;28,91934;35,40918;265,8422;14,53485;193,7892;0,754196;
388;1/07/2025;11:10:05;21,30762;25,24668;28,78263;35,54981;265,7328;14,53485;192,3855;0,7527382;
389;1/07/2025;11:10:20;21,31544;25,2545;28,66544;35,75293;265,7641;14,53485;192,5938;0,7538021;
390;1/07/2025;11:10:35;21,36621;25,23106;28,48965;35,9717;265,8656;14,53485;193,3149;0,7533161;
391;1/07/2025;11:10:50;21,32324;25,23887;28,32168;36,22168;265,85;14,53485;192,1774;0,7525806;
392;1/07/2025;11:11:05;21,36231;25,20371;28,29043;36,2373;265,8656;14,53485;191,9845;0,7543537;
393;1/07/2025;11:11:20;21,31934;25,18419;28,17324;36,54981;266,0219;14,53485;191,4795;0,7501577;
394;1/07/2025;11:11:35;21,37012;25,20762;28,0717;36,69044;266,1313;14,53485;191,9962;0,7515365;
395;1/07/2025;11:11:50;21,45216;25,14122;27,98184;36,8545;266,1;14,53485;191,7262;0,7504072;
396;1/07/2025;11:12:05;21,36621;25,11778;27,85293;36,98732;265,6078;14,53485;191,518;0,7505648;
397;1/07/2025;11:12:20;21,3584;25,04746;27,76309;37,07324;265,6938;14,53485;191,7764;0,7509522;
398;1/07/2025;11:12:35;21,38184;24,97324;27,58731;37,29199;265,6391;14,53485;192,6324;0,7520028;
399;1/07/2025;11:12:50;21,37403;25,02012;27,49356;37,51857;265,7875;14,53485;192,6439;0,7537102;
400;1/07/2025;11:13:05;21,36231;25,00449;27,47013;37,62012;265,7641;14,53485;192,5244;0,7529878;
401;1/07/2025;11:13:20;21,40528;24,96934;27,38419;37,68262;265,9281;14,53485;191,0438;0,7486082;
402;1/07/2025;11:13:35;21,38575;24,95371;27,267;37,76075;265,6938;14,53485;190,959;0,7482931;
403;1/07/2025;11:13:50;21,42871;24,9459;27,23574;37,92482;265,6859;14,53485;192,5437;0,7513002;
404;1/07/2025;11:14:05;21,46778;24,91074;27,12637;38,15918;265,725;14,53485;190,7316;0,7480568;
405;1/07/2025;11:14:20;21,40918;24,89904;26,99357;38,37012;266,0688;14,53485;191,2597;0,751924;
406;1/07/2025;11:14:35;21,37403;24,91465;26,98184;38,53418;266,0766;14,53485;192,7056;0,7542749;
407;1/07/2025;11:14:50;21,46387;24,90684;26,92326;38,54981;266,0141;14,53485;191,1209;0,7489497;
408;1/07/2025;11:15:05;21,42871;24,8717;26,81388;38,69044;265,9047;14,53485;191,3793;0,7494223;
409;1/07/2025;11:15:20;21,4209;24,88732;26,68888;38,73732;265,35;14,53485;192,0347;0,7492648;
410;1/07/2025;11:15:35;21,48731;24,82872;26,67325;38,81544;265,3969;14,53485;192,108;0,7531454;
411;1/07/2025;11:15:50;21,44434;24,86389;26,63028;38,9717;265,3422;14,53485;190,8241;0,747978;
412;1/07/2025;11:16:05;21,45997;24,82872;26,57168;38,98732;265,3656;14,53485;190,9706;0,7506436;
413;1/07/2025;11:16:20;21,49903;24,84436;26,51309;39,2295;265,475;14,53485;190,7123;0,7476367;
414;1/07/2025;11:16:35;21,54981;24,81699;26,50918;39,29981;265,3734;14,53485;190,6545;0,7468358;
415;1/07/2025;11:16:50;21,50684;24,77403;26,36856;39,45606;265,3813;14,53485;190,6815;0,7473215;
416;1/07/2025;11:17:05;21,52247;24,84044;26,36074;39,49513;265,3422;14,53485;190,6622;0,7476367;
417;1/07/2025;11:17:20;21,63185;24,84825;26,21621;39,55762;265,2953;14,53485;190,6429;0,7474003;
418;1/07/2025;11:17:35;21,64747;24,8131;26,23184;39,64356;265,2563;14,53485;189,9529;0,7449781;
419;1/07/2025;11:17:50;21,60451;24,77403;26,19278;39,77637;265,1469;14,53485;190,2266;0,7457921;
420;1/07/2025;11:18:05;21,67091;24,82091;26,16543;39,83889;265,0844;14,53485;190,2266;0,7482931;
421;1/07/2025;11:18:20;21,63575;24,7545;26,02483;39,99512;265,1703;14,53485;190,2651;0,7486082;
422;1/07/2025;11:18:35;21,62403;24,79357;26,0131;40,08887;264,8735;14,53485;190,5812;0,7479058;
423;1/07/2025;11:18:50;21,667;24,75842;25,9545;40,1748;264,7563;14,53485;190,9012;0,7485295;
424;1/07/2025;11:19:05;21,63185;24,69982;25,92326;40,31544;264,725;14,53485;191,68;0,7501577;
425;1/07/2025;11:19:20;21,69044;24,73497;25,90372;40,29981;264,8344;14,53485;190,1341;0,746606;
426;1/07/2025;11:19:35;21,67872;24,69982;25,84513;40,36231;264,9985;14,53485;190,2343;0,746606;
427;1/07/2025;11:19:50;21,61231;24,65685;25,77872;40,417;265,0063;14,53485;189,4479;0,7448206;
428;1/07/2025;11:20:05;21,59669;24,692;25,76309;40,57325;265,2328;14,53485;191,1287;0,7462777;
429;1/07/2025;11:20:20;21,63575;24,70763;25,70059;40,667;265,1703;14,53485;191,3599;0,7466847;
430;1/07/2025;11:20:35;21,69435;24,64122;25,68497;40,69825;265,1547;14,53485;190,3808;0,7466847;
431;1/07/2025;11:20:50;21,60059;24,67247;25,66934;40,79982;264,9516;14,53485;190,0261;0,7458708;
432;1/07/2025;11:21:05;21,74122;24,66466;25,55997;40,76856;264,2328;14,53485;190,3499;0,747164;
433;1/07/2025;11:21:20;21,68262;24,65293;25,5756;40,83107;264,5688;14,53485;190,0646;0,7457921;
434;1/07/2025;11:21:35;1E-30;24,67637;25,54824;41,02637;264,6859;14,53485;190,2921;0,7463566;
435;1/07/2025;11:21:50;21,76466;24,68419;25,55606;41,05762;264,8188;14,53485;190,0531;0,7453982;
436;1/07/2025;11:22:05;21,69825;24,59435;25,46622;41,09668;264,7641;14,53485;191,6992;0,7499082;
437;1/07/2025;11:22:20;21,69435;24,61778;25,43887;41,21387;264,85;14,53485;190,5697;0,7474791;
438;1/07/2025;11:22:35;21,7295;24,6334;25,40371;41,20606;264,5922;14,53485;191,6992;0,7500789;
439;1/07/2025;11:22:50;21,78419;24,60606;25,31387;41,13574;264,3109;14,53485;190,215;0,7457133;
440;1/07/2025;11:23:05;21,72559;24,59825;25,32168;41,19824;264,2953;14,53485;190,6622;0,7476367;
441;1/07/2025;11:23:20;21,76856;24,63732;25,28653;41,33106;264,3109;14,53485;190,4039;0,7467636;
442;1/07/2025;11:23:35;21,75685;24,61388;25,25918;41,3545;264,3109;14,53485;191,013;0,7486082;
443;1/07/2025;11:23:50;21,792;24,63732;25,25918;41,40918;264,2875;14,53485;190,7701;0,7480568;
444;1/07/2025;11:24:05;21,70606;24,6295;25,27481;41,51857;264,3734;14,53485;190,8511;0,7487921;
445;1/07/2025;11:24:20;21,84669;24,59435;25,16543;41,58888;264,4672;14,53485;190,6352;0,7470918;
446;1/07/2025;11:24:35;21,78029;24,57482;25,15762;41,50294;263,85;14,53485;191,3986;0,7500001;
447;1/07/2025;11:24:50;21,81153;24,55919;25,18106;41,50294;263,9594;14,53485;191,1209;0,7503152;
448;1/07/2025;11:25:05;21,80372;24,59825;25,17324;41,667;264,1313;14,53485;191,5103;0,7508011;
